8
0 12 9 11 7 3 13 15 
12 0 6 9 7 9 15 1 
9 6 0 14 13 1 12 4 
11 9 14 0 7 11 4 8 
7 7 13 7 0 1 14 16 
3 9 1 11 1 0 12 7 
13 15 12 4 14 12 0 18 
15 1 4 8 16 7 18 0 
